  16
   1   1
    13.314584516077728     0.000000000000000     0.000000000000001
    -0.000000000000002    13.314584516077730     0.000000000000002
     0.000000000000001    -0.000000000000000    13.314584516077726
   1   2
     0.861574257536746     0.000000000000000    -0.000000000000000
    -0.000000000000000    -0.447402016805913    -0.499042732142748
    -0.000000000000000    -0.499042732142748    -0.447402016805913
   1   3
    -0.447402016805913    -0.000000000000000    -0.499042732142748
    -0.000000000000000     0.861574257536746     0.000000000000000
    -0.499042732142748    -0.000000000000000    -0.447402016805913
   1   4
    -0.447402016805913     0.499042732142748     0.000000000000000
     0.499042732142748    -0.447402016805913    -0.000000000000000
     0.000000000000000     0.000000000000000     0.861574257536746
   1   5
    -0.447402016805913    -0.499042732142748     0.000000000000000
    -0.499042732142748    -0.447402016805913     0.000000000000000
     0.000000000000000    -0.000000000000000     0.861574257536746
   1   6
    -0.447402016805913    -0.000000000000000     0.499042732142748
     0.000000000000000     0.861574257536746     0.000000000000000
     0.499042732142748     0.000000000000000    -0.447402016805913
   1   7
     0.861574257536746    -0.000000000000000    -0.000000000000000
     0.000000000000000    -0.447402016805913     0.499042732142748
    -0.000000000000000     0.499042732142748    -0.447402016805913
   1   8
    -0.127685099905979    -0.000000000000000    -0.000000000000000
     0.000000000000000    -0.127685099905979    -0.000000000000000
    -0.000000000000000     0.000000000000000    -0.127685099905979
   1   9
     0.123462611762124    -0.127895817726773    -0.127895817726773
    -0.127895817726773     0.123462611762124    -0.127895817726773
    -0.127895817726773    -0.127895817726773     0.123462611762124
   1  10
     0.123462611762124     0.127895817726773     0.127895817726773
     0.127895817726773     0.123462611762124    -0.127895817726773
     0.127895817726773    -0.127895817726773     0.123462611762124
   1  11
     0.123462611762124     0.127895817726773    -0.127895817726773
     0.127895817726773     0.123462611762124     0.127895817726773
    -0.127895817726773     0.127895817726773     0.123462611762124
   1  12
    -3.403572931320913    -2.184630795659781     2.184630795659782
    -2.184630795659782    -3.403572931320912     2.184630795659781
     2.184630795659783     2.184630795659781    -3.403572931320910
   1  13
     0.123462611762124    -0.127895817726773     0.127895817726773
    -0.127895817726773     0.123462611762124     0.127895817726773
     0.127895817726773     0.127895817726773     0.123462611762124
   1  14
    -3.403572931320912     2.184630795659782    -2.184630795659781
     2.184630795659781    -3.403572931320913     2.184630795659782
    -2.184630795659781     2.184630795659783    -3.403572931320910
   1  15
    -3.403572931320910     2.184630795659783     2.184630795659781
     2.184630795659782    -3.403572931320913    -2.184630795659781
     2.184630795659781    -2.184630795659782    -3.403572931320912
   1  16
    -3.403572931320912    -2.184630795659782    -2.184630795659781
    -2.184630795659781    -3.403572931320913    -2.184630795659782
    -2.184630795659781    -2.184630795659783    -3.403572931320910
   2   1
     0.861574257536746    -0.000000000000000    -0.000000000000000
    -0.000000000000000    -0.447402016805913    -0.499042732142748
     0.000000000000000    -0.499042732142748    -0.447402016805913
   2   2
    13.314584516077726     0.000000000000000    -0.000000000000001
    -0.000000000000002    13.314584516077730    -0.000000000000002
    -0.000000000000001     0.000000000000000    13.314584516077728
   2   3
    -0.447402016805913     0.499042732142748     0.000000000000000
     0.499042732142748    -0.447402016805913    -0.000000000000000
     0.000000000000000     0.000000000000000     0.861574257536746
   2   4
    -0.447402016805913    -0.000000000000000    -0.499042732142748
    -0.000000000000000     0.861574257536746     0.000000000000000
    -0.499042732142748    -0.000000000000000    -0.447402016805913
   2   5
    -0.447402016805913    -0.000000000000000     0.499042732142748
     0.000000000000000     0.861574257536746    -0.000000000000000
     0.499042732142748     0.000000000000000    -0.447402016805913
   2   6
    -0.447402016805913    -0.499042732142748     0.000000000000000
    -0.499042732142748    -0.447402016805913     0.000000000000000
     0.000000000000000    -0.000000000000000     0.861574257536746
   2   7
    -0.127685099905979     0.000000000000000     0.000000000000000
    -0.000000000000000    -0.127685099905979    -0.000000000000000
     0.000000000000000     0.000000000000000    -0.127685099905979
   2   8
     0.861574257536746    -0.000000000000000    -0.000000000000000
    -0.000000000000000    -0.447402016805913     0.499042732142748
     0.000000000000000     0.499042732142748    -0.447402016805913
   2   9
     0.123462611762124     0.127895817726773     0.127895817726773
     0.127895817726773     0.123462611762124    -0.127895817726773
     0.127895817726773    -0.127895817726773     0.123462611762124
   2  10
     0.123462611762124    -0.127895817726773    -0.127895817726773
    -0.127895817726773     0.123462611762124    -0.127895817726773
    -0.127895817726773    -0.127895817726773     0.123462611762124
   2  11
    -3.403572931320911    -2.184630795659781     2.184630795659782
    -2.184630795659783    -3.403572931320911     2.184630795659782
     2.184630795659782     2.184630795659781    -3.403572931320912
   2  12
     0.123462611762124     0.127895817726773    -0.127895817726773
     0.127895817726773     0.123462611762124     0.127895817726773
    -0.127895817726773     0.127895817726773     0.123462611762124
   2  13
    -3.403572931320910     2.184630795659782    -2.184630795659783
     2.184630795659781    -3.403572931320912     2.184630795659782
    -2.184630795659781     2.184630795659783    -3.403572931320911
   2  14
     0.123462611762124    -0.127895817726773     0.127895817726773
    -0.127895817726773     0.123462611762124     0.127895817726773
     0.127895817726773     0.127895817726773     0.123462611762124
   2  15
    -3.403572931320911    -2.184630795659783    -2.184630795659782
    -2.184630795659781    -3.403572931320911    -2.184630795659782
    -2.184630795659781    -2.184630795659782    -3.403572931320912
   2  16
    -3.403572931320912     2.184630795659782     2.184630795659781
     2.184630795659782    -3.403572931320912    -2.184630795659783
     2.184630795659781    -2.184630795659783    -3.403572931320911
   3   1
    -0.447402016805913     0.000000000000000    -0.499042732142748
     0.000000000000000     0.861574257536746    -0.000000000000000
    -0.499042732142748     0.000000000000000    -0.447402016805913
   3   2
    -0.447402016805913     0.499042732142748    -0.000000000000000
     0.499042732142748    -0.447402016805913    -0.000000000000000
     0.000000000000000    -0.000000000000000     0.861574257536746
   3   3
    13.314584516077728    -0.000000000000001     0.000000000000000
    -0.000000000000001    13.314584516077726     0.000000000000000
    -0.000000000000002    -0.000000000000002    13.314584516077730
   3   4
     0.861574257536746     0.000000000000000    -0.000000000000000
     0.000000000000000    -0.447402016805913    -0.499042732142748
     0.000000000000000    -0.499042732142748    -0.447402016805913
   3   5
     0.861574257536746    -0.000000000000000    -0.000000000000000
    -0.000000000000000    -0.447402016805913     0.499042732142748
     0.000000000000000     0.499042732142748    -0.447402016805913
   3   6
    -0.127685099905979     0.000000000000000    -0.000000000000000
    -0.000000000000000    -0.127685099905979    -0.000000000000000
     0.000000000000000    -0.000000000000000    -0.127685099905979
   3   7
    -0.447402016805913    -0.499042732142748    -0.000000000000000
    -0.499042732142748    -0.447402016805913     0.000000000000000
     0.000000000000000     0.000000000000000     0.861574257536746
   3   8
    -0.447402016805913    -0.000000000000000     0.499042732142748
     0.000000000000000     0.861574257536746    -0.000000000000000
     0.499042732142748     0.000000000000000    -0.447402016805913
   3   9
     0.123462611762124     0.127895817726773    -0.127895817726773
     0.127895817726773     0.123462611762124     0.127895817726773
    -0.127895817726773     0.127895817726773     0.123462611762124
   3  10
    -3.403572931320911    -2.184630795659783     2.184630795659782
    -2.184630795659781    -3.403572931320911     2.184630795659782
     2.184630795659781     2.184630795659782    -3.403572931320912
   3  11
     0.123462611762124    -0.127895817726773    -0.127895817726773
    -0.127895817726773     0.123462611762124    -0.127895817726773
    -0.127895817726773    -0.127895817726773     0.123462611762124
   3  12
     0.123462611762124     0.127895817726773     0.127895817726773
     0.127895817726773     0.123462611762124    -0.127895817726773
     0.127895817726773    -0.127895817726773     0.123462611762124
   3  13
    -3.403572931320910     2.184630795659781     2.184630795659783
     2.184630795659781    -3.403572931320912    -2.184630795659782
     2.184630795659782    -2.184630795659781    -3.403572931320913
   3  14
    -3.403572931320912    -2.184630795659782    -2.184630795659781
    -2.184630795659783    -3.403572931320911    -2.184630795659781
    -2.184630795659782    -2.184630795659783    -3.403572931320910
   3  15
     0.123462611762124    -0.127895817726773     0.127895817726773
    -0.127895817726773     0.123462611762124     0.127895817726773
     0.127895817726773     0.127895817726773     0.123462611762124
   3  16
    -3.403572931320912     2.184630795659782    -2.184630795659781
     2.184630795659783    -3.403572931320911     2.184630795659781
    -2.184630795659782     2.184630795659783    -3.403572931320910
   4   1
    -0.447402016805913     0.499042732142748     0.000000000000000
     0.499042732142748    -0.447402016805913     0.000000000000000
    -0.000000000000000    -0.000000000000000     0.861574257536746
   4   2
    -0.447402016805913    -0.000000000000000    -0.499042732142748
     0.000000000000000     0.861574257536746     0.000000000000000
    -0.499042732142748    -0.000000000000000    -0.447402016805913
   4   3
     0.861574257536746     0.000000000000000    -0.000000000000000
    -0.000000000000000    -0.447402016805913    -0.499042732142748
    -0.000000000000000    -0.499042732142748    -0.447402016805913
   4   4
    13.314584516077728    -0.000000000000000     0.000000000000001
     0.000000000000002    13.314584516077730    -0.000000000000002
     0.000000000000001     0.000000000000000    13.314584516077726
   4   5
    -0.127685099905979    -0.000000000000000    -0.000000000000000
     0.000000000000000    -0.127685099905979    -0.000000000000000
    -0.000000000000000     0.000000000000000    -0.127685099905979
   4   6
     0.861574257536746     0.000000000000000    -0.000000000000000
    -0.000000000000000    -0.447402016805913     0.499042732142748
     0.000000000000000     0.499042732142748    -0.447402016805913
   4   7
    -0.447402016805913     0.000000000000000     0.499042732142748
    -0.000000000000000     0.861574257536746    -0.000000000000000
     0.499042732142748    -0.000000000000000    -0.447402016805913
   4   8
    -0.447402016805913    -0.499042732142748     0.000000000000000
    -0.499042732142748    -0.447402016805913     0.000000000000000
     0.000000000000000    -0.000000000000000     0.861574257536746
   4   9
    -3.403572931320910    -2.184630795659783     2.184630795659781
    -2.184630795659782    -3.403572931320913     2.184630795659781
     2.184630795659781     2.184630795659782    -3.403572931320912
   4  10
     0.123462611762124     0.127895817726773    -0.127895817726773
     0.127895817726773     0.123462611762124     0.127895817726773
    -0.127895817726773     0.127895817726773     0.123462611762124
   4  11
     0.123462611762124     0.127895817726773     0.127895817726773
     0.127895817726773     0.123462611762124    -0.127895817726773
     0.127895817726773    -0.127895817726773     0.123462611762124
   4  12
     0.123462611762124    -0.127895817726773    -0.127895817726773
    -0.127895817726773     0.123462611762124    -0.127895817726773
    -0.127895817726773    -0.127895817726773     0.123462611762124
   4  13
    -3.403572931320911    -2.184630795659782    -2.184630795659783
    -2.184630795659781    -3.403572931320912    -2.184630795659782
    -2.184630795659781    -2.184630795659782    -3.403572931320911
   4  14
    -3.403572931320912     2.184630795659782     2.184630795659781
     2.184630795659782    -3.403572931320911    -2.184630795659781
     2.184630795659782    -2.184630795659783    -3.403572931320911
   4  15
    -3.403572931320911     2.184630795659783    -2.184630795659781
     2.184630795659783    -3.403572931320912     2.184630795659782
    -2.184630795659781     2.184630795659782    -3.403572931320912
   4  16
     0.123462611762124    -0.127895817726773     0.127895817726773
    -0.127895817726773     0.123462611762124     0.127895817726773
     0.127895817726773     0.127895817726773     0.123462611762124
   5   1
    -0.447402016805913    -0.499042732142748     0.000000000000000
    -0.499042732142748    -0.447402016805913     0.000000000000000
     0.000000000000000    -0.000000000000000     0.861574257536746
   5   2
    -0.447402016805913    -0.000000000000000     0.499042732142748
     0.000000000000000     0.861574257536746     0.000000000000000
     0.499042732142748     0.000000000000000    -0.447402016805913
   5   3
     0.861574257536746     0.000000000000000    -0.000000000000000
    -0.000000000000000    -0.447402016805913     0.499042732142748
    -0.000000000000000     0.499042732142748    -0.447402016805913
   5   4
    -0.127685099905979     0.000000000000000    -0.000000000000000
    -0.000000000000000    -0.127685099905979     0.000000000000000
    -0.000000000000000    -0.000000000000000    -0.127685099905979
   5   5
    13.314584516077728     0.000000000000000     0.000000000000001
    -0.000000000000002    13.314584516077730     0.000000000000002
     0.000000000000001    -0.000000000000000    13.314584516077726
   5   6
     0.861574257536746     0.000000000000000    -0.000000000000000
    -0.000000000000000    -0.447402016805913    -0.499042732142748
    -0.000000000000000    -0.499042732142748    -0.447402016805913
   5   7
    -0.447402016805913     0.000000000000000    -0.499042732142748
    -0.000000000000000     0.861574257536746    -0.000000000000000
    -0.499042732142748     0.000000000000000    -0.447402016805913
   5   8
    -0.447402016805913     0.499042732142748     0.000000000000000
     0.499042732142748    -0.447402016805913     0.000000000000000
    -0.000000000000000    -0.000000000000000     0.861574257536746
   5   9
     0.123462611762124    -0.127895817726773     0.127895817726773
    -0.127895817726773     0.123462611762124     0.127895817726773
     0.127895817726773     0.127895817726773     0.123462611762124
   5  10
    -3.403572931320910     2.184630795659783    -2.184630795659781
     2.184630795659782    -3.403572931320913     2.184630795659781
    -2.184630795659781     2.184630795659782    -3.403572931320912
   5  11
    -3.403572931320913     2.184630795659782     2.184630795659781
     2.184630795659783    -3.403572931320910    -2.184630795659781
     2.184630795659782    -2.184630795659781    -3.403572931320912
   5  12
    -3.403572931320911    -2.184630795659782    -2.184630795659781
    -2.184630795659782    -3.403572931320912    -2.184630795659781
    -2.184630795659783    -2.184630795659782    -3.403572931320911
   5  13
     0.123462611762124    -0.127895817726773    -0.127895817726773
    -0.127895817726773     0.123462611762124    -0.127895817726773
    -0.127895817726773    -0.127895817726773     0.123462611762124
   5  14
     0.123462611762124     0.127895817726773     0.127895817726773
     0.127895817726773     0.123462611762124    -0.127895817726773
     0.127895817726773    -0.127895817726773     0.123462611762124
   5  15
     0.123462611762124     0.127895817726773    -0.127895817726773
     0.127895817726773     0.123462611762124     0.127895817726773
    -0.127895817726773     0.127895817726773     0.123462611762124
   5  16
    -3.403572931320912    -2.184630795659782     2.184630795659781
    -2.184630795659782    -3.403572931320911     2.184630795659781
     2.184630795659782     2.184630795659783    -3.403572931320911
   6   1
    -0.447402016805913    -0.000000000000000     0.499042732142748
     0.000000000000000     0.861574257536746    -0.000000000000000
     0.499042732142748     0.000000000000000    -0.447402016805913
   6   2
    -0.447402016805913    -0.499042732142748    -0.000000000000000
    -0.499042732142748    -0.447402016805913    -0.000000000000000
     0.000000000000000    -0.000000000000000     0.861574257536746
   6   3
    -0.127685099905979     0.000000000000000    -0.000000000000000
     0.000000000000000    -0.127685099905979    -0.000000000000000
     0.000000000000000     0.000000000000000    -0.127685099905979
   6   4
     0.861574257536746     0.000000000000000    -0.000000000000000
     0.000000000000000    -0.447402016805913     0.499042732142748
     0.000000000000000     0.499042732142748    -0.447402016805913
   6   5
     0.861574257536746    -0.000000000000000    -0.000000000000000
    -0.000000000000000    -0.447402016805913    -0.499042732142748
     0.000000000000000    -0.499042732142748    -0.447402016805913
   6   6
    13.314584516077730    -0.000000000000002     0.000000000000002
     0.000000000000000    13.314584516077726     0.000000000000001
    -0.000000000000000     0.000000000000001    13.314584516077728
   6   7
    -0.447402016805913     0.499042732142748    -0.000000000000000
     0.499042732142748    -0.447402016805913     0.000000000000000
     0.000000000000000     0.000000000000000     0.861574257536746
   6   8
    -0.447402016805913     0.000000000000000    -0.499042732142748
     0.000000000000000     0.861574257536746    -0.000000000000000
    -0.499042732142748     0.000000000000000    -0.447402016805913
   6   9
    -3.403572931320911     2.184630795659783    -2.184630795659782
     2.184630795659781    -3.403572931320911     2.184630795659782
    -2.184630795659781     2.184630795659782    -3.403572931320912
   6  10
     0.123462611762124    -0.127895817726773     0.127895817726773
    -0.127895817726773     0.123462611762124     0.127895817726773
     0.127895817726773     0.127895817726773     0.123462611762124
   6  11
    -3.403572931320911    -2.184630795659781    -2.184630795659783
    -2.184630795659783    -3.403572931320910    -2.184630795659782
    -2.184630795659782    -2.184630795659781    -3.403572931320912
   6  12
    -3.403572931320912     2.184630795659782     2.184630795659783
     2.184630795659782    -3.403572931320912    -2.184630795659781
     2.184630795659783    -2.184630795659781    -3.403572931320911
   6  13
     0.123462611762124     0.127895817726773     0.127895817726773
     0.127895817726773     0.123462611762124    -0.127895817726773
     0.127895817726773    -0.127895817726773     0.123462611762124
   6  14
     0.123462611762124    -0.127895817726773    -0.127895817726773
    -0.127895817726773     0.123462611762124    -0.127895817726773
    -0.127895817726773    -0.127895817726773     0.123462611762124
   6  15
    -3.403572931320910    -2.184630795659783     2.184630795659782
    -2.184630795659781    -3.403572931320911     2.184630795659783
     2.184630795659781     2.184630795659782    -3.403572931320912
   6  16
     0.123462611762124     0.127895817726773    -0.127895817726773
     0.127895817726773     0.123462611762124     0.127895817726773
    -0.127895817726773     0.127895817726773     0.123462611762124
   7   1
     0.861574257536746    -0.000000000000000    -0.000000000000000
    -0.000000000000000    -0.447402016805913     0.499042732142748
     0.000000000000000     0.499042732142748    -0.447402016805913
   7   2
    -0.127685099905979    -0.000000000000000     0.000000000000000
     0.000000000000000    -0.127685099905979     0.000000000000000
     0.000000000000000    -0.000000000000000    -0.127685099905979
   7   3
    -0.447402016805913    -0.499042732142748    -0.000000000000000
    -0.499042732142748    -0.447402016805913    -0.000000000000000
     0.000000000000000     0.000000000000000     0.861574257536746
   7   4
    -0.447402016805913     0.000000000000000     0.499042732142748
    -0.000000000000000     0.861574257536746     0.000000000000000
     0.499042732142748    -0.000000000000000    -0.447402016805913
   7   5
    -0.447402016805913     0.000000000000000    -0.499042732142748
     0.000000000000000     0.861574257536746    -0.000000000000000
    -0.499042732142748     0.000000000000000    -0.447402016805913
   7   6
    -0.447402016805913     0.499042732142748     0.000000000000000
     0.499042732142748    -0.447402016805913     0.000000000000000
     0.000000000000000    -0.000000000000000     0.861574257536746
   7   7
    13.314584516077726    -0.000000000000000    -0.000000000000001
     0.000000000000002    13.314584516077730     0.000000000000002
    -0.000000000000001    -0.000000000000000    13.314584516077728
   7   8
     0.861574257536746    -0.000000000000000    -0.000000000000000
    -0.000000000000000    -0.447402016805913    -0.499042732142748
     0.000000000000000    -0.499042732142748    -0.447402016805913
   7   9
    -3.403572931320910     2.184630795659783     2.184630795659782
     2.184630795659781    -3.403572931320911    -2.184630795659783
     2.184630795659781    -2.184630795659782    -3.403572931320912
   7  10
    -3.403572931320910    -2.184630795659783    -2.184630795659782
    -2.184630795659781    -3.403572931320911    -2.184630795659783
    -2.184630795659781    -2.184630795659782    -3.403572931320912
   7  11
     0.123462611762124    -0.127895817726773     0.127895817726773
    -0.127895817726773     0.123462611762124     0.127895817726773
     0.127895817726773     0.127895817726773     0.123462611762124
   7  12
    -3.403572931320911     2.184630795659783    -2.184630795659781
     2.184630795659782    -3.403572931320912     2.184630795659781
    -2.184630795659783     2.184630795659782    -3.403572931320910
   7  13
     0.123462611762124     0.127895817726773    -0.127895817726773
     0.127895817726773     0.123462611762124     0.127895817726773
    -0.127895817726773     0.127895817726773     0.123462611762124
   7  14
    -3.403572931320912    -2.184630795659782     2.184630795659781
    -2.184630795659782    -3.403572931320912     2.184630795659783
     2.184630795659781     2.184630795659783    -3.403572931320911
   7  15
     0.123462611762124    -0.127895817726773    -0.127895817726773
    -0.127895817726773     0.123462611762124    -0.127895817726773
    -0.127895817726773    -0.127895817726773     0.123462611762124
   7  16
     0.123462611762124     0.127895817726773     0.127895817726773
     0.127895817726773     0.123462611762124    -0.127895817726773
     0.127895817726773    -0.127895817726773     0.123462611762124
   8   1
    -0.127685099905979    -0.000000000000000    -0.000000000000000
     0.000000000000000    -0.127685099905979    -0.000000000000000
    -0.000000000000000     0.000000000000000    -0.127685099905979
   8   2
     0.861574257536746     0.000000000000000     0.000000000000000
    -0.000000000000000    -0.447402016805913     0.499042732142748
    -0.000000000000000     0.499042732142748    -0.447402016805913
   8   3
    -0.447402016805913    -0.000000000000000     0.499042732142748
     0.000000000000000     0.861574257536746     0.000000000000000
     0.499042732142748    -0.000000000000000    -0.447402016805913
   8   4
    -0.447402016805913    -0.499042732142748     0.000000000000000
    -0.499042732142748    -0.447402016805913    -0.000000000000000
    -0.000000000000000     0.000000000000000     0.861574257536746
   8   5
    -0.447402016805913     0.499042732142748     0.000000000000000
     0.499042732142748    -0.447402016805913     0.000000000000000
    -0.000000000000000    -0.000000000000000     0.861574257536746
   8   6
    -0.447402016805913    -0.000000000000000    -0.499042732142748
     0.000000000000000     0.861574257536746    -0.000000000000000
    -0.499042732142748     0.000000000000000    -0.447402016805913
   8   7
     0.861574257536746    -0.000000000000000     0.000000000000000
     0.000000000000000    -0.447402016805913    -0.499042732142748
    -0.000000000000000    -0.499042732142748    -0.447402016805913
   8   8
    13.314584516077728     0.000000000000000     0.000000000000001
    -0.000000000000002    13.314584516077730     0.000000000000002
     0.000000000000001    -0.000000000000000    13.314584516077726
   8   9
    -3.403572931320911    -2.184630795659783    -2.184630795659781
    -2.184630795659783    -3.403572931320912    -2.184630795659782
    -2.184630795659781    -2.184630795659782    -3.403572931320912
   8  10
    -3.403572931320911     2.184630795659783     2.184630795659781
     2.184630795659783    -3.403572931320912    -2.184630795659782
     2.184630795659781    -2.184630795659782    -3.403572931320912
   8  11
    -3.403572931320912     2.184630795659783    -2.184630795659782
     2.184630795659783    -3.403572931320911     2.184630795659781
    -2.184630795659782     2.184630795659781    -3.403572931320912
   8  12
     0.123462611762124    -0.127895817726773     0.127895817726773
    -0.127895817726773     0.123462611762124     0.127895817726773
     0.127895817726773     0.127895817726773     0.123462611762124
   8  13
    -3.403572931320911    -2.184630795659781     2.184630795659783
    -2.184630795659781    -3.403572931320912     2.184630795659782
     2.184630795659783     2.184630795659782    -3.403572931320912
   8  14
     0.123462611762124     0.127895817726773    -0.127895817726773
     0.127895817726773     0.123462611762124     0.127895817726773
    -0.127895817726773     0.127895817726773     0.123462611762124
   8  15
     0.123462611762124     0.127895817726773     0.127895817726773
     0.127895817726773     0.123462611762124    -0.127895817726773
     0.127895817726773    -0.127895817726773     0.123462611762124
   8  16
     0.123462611762124    -0.127895817726773    -0.127895817726773
    -0.127895817726773     0.123462611762124    -0.127895817726773
    -0.127895817726773    -0.127895817726773     0.123462611762124
   9   1
     0.123462611762124    -0.127895817726773    -0.127895817726773
    -0.127895817726773     0.123462611762124    -0.127895817726773
    -0.127895817726773    -0.127895817726773     0.123462611762124
   9   2
     0.123462611762124     0.127895817726773     0.127895817726773
     0.127895817726773     0.123462611762124    -0.127895817726773
     0.127895817726773    -0.127895817726773     0.123462611762124
   9   3
     0.123462611762124     0.127895817726773    -0.127895817726773
     0.127895817726773     0.123462611762124     0.127895817726773
    -0.127895817726773     0.127895817726773     0.123462611762124
   9   4
    -3.403572931320912    -2.184630795659782     2.184630795659781
    -2.184630795659782    -3.403572931320912     2.184630795659783
     2.184630795659781     2.184630795659783    -3.403572931320911
   9   5
     0.123462611762124    -0.127895817726773     0.127895817726773
    -0.127895817726773     0.123462611762124     0.127895817726773
     0.127895817726773     0.127895817726773     0.123462611762124
   9   6
    -3.403572931320912     2.184630795659783    -2.184630795659782
     2.184630795659783    -3.403572931320911     2.184630795659781
    -2.184630795659782     2.184630795659781    -3.403572931320912
   9   7
    -3.403572931320910     2.184630795659783     2.184630795659782
     2.184630795659781    -3.403572931320911    -2.184630795659783
     2.184630795659781    -2.184630795659782    -3.403572931320912
   9   8
    -3.403572931320912    -2.184630795659782    -2.184630795659781
    -2.184630795659781    -3.403572931320913    -2.184630795659782
    -2.184630795659781    -2.184630795659783    -3.403572931320910
   9   9
    13.314584516077726    -0.000000000000000    -0.000000000000001
     0.000000000000002    13.314584516077730     0.000000000000002
    -0.000000000000001    -0.000000000000000    13.314584516077728
   9  10
     0.861574257536746     0.000000000000000    -0.000000000000000
    -0.000000000000000    -0.447402016805913    -0.499042732142748
     0.000000000000000    -0.499042732142748    -0.447402016805913
   9  11
    -0.447402016805913    -0.000000000000000    -0.499042732142748
     0.000000000000000     0.861574257536746    -0.000000000000000
    -0.499042732142748     0.000000000000000    -0.447402016805913
   9  12
    -0.447402016805913     0.499042732142748    -0.000000000000000
     0.499042732142748    -0.447402016805913    -0.000000000000000
     0.000000000000000     0.000000000000000     0.861574257536746
   9  13
    -0.447402016805913    -0.499042732142748    -0.000000000000000
    -0.499042732142748    -0.447402016805913    -0.000000000000000
     0.000000000000000     0.000000000000000     0.861574257536746
   9  14
    -0.447402016805913     0.000000000000000     0.499042732142748
    -0.000000000000000     0.861574257536746     0.000000000000000
     0.499042732142748    -0.000000000000000    -0.447402016805913
   9  15
     0.861574257536746     0.000000000000000     0.000000000000000
    -0.000000000000000    -0.447402016805913     0.499042732142748
    -0.000000000000000     0.499042732142748    -0.447402016805913
   9  16
    -0.127685099905979    -0.000000000000000    -0.000000000000000
     0.000000000000000    -0.127685099905979    -0.000000000000000
    -0.000000000000000     0.000000000000000    -0.127685099905979
  10   1
     0.123462611762124     0.127895817726773     0.127895817726773
     0.127895817726773     0.123462611762124    -0.127895817726773
     0.127895817726773    -0.127895817726773     0.123462611762124
  10   2
     0.123462611762124    -0.127895817726773    -0.127895817726773
    -0.127895817726773     0.123462611762124    -0.127895817726773
    -0.127895817726773    -0.127895817726773     0.123462611762124
  10   3
    -3.403572931320912    -2.184630795659781     2.184630795659782
    -2.184630795659781    -3.403572931320911     2.184630795659783
     2.184630795659782     2.184630795659783    -3.403572931320912
  10   4
     0.123462611762124     0.127895817726773    -0.127895817726773
     0.127895817726773     0.123462611762124     0.127895817726773
    -0.127895817726773     0.127895817726773     0.123462611762124
  10   5
    -3.403572931320912     2.184630795659782    -2.184630795659781
     2.184630795659783    -3.403572931320911     2.184630795659781
    -2.184630795659782     2.184630795659783    -3.403572931320910
  10   6
     0.123462611762124    -0.127895817726773     0.127895817726773
    -0.127895817726773     0.123462611762124     0.127895817726773
     0.127895817726773     0.127895817726773     0.123462611762124
  10   7
    -3.403572931320911    -2.184630795659783    -2.184630795659781
    -2.184630795659783    -3.403572931320912    -2.184630795659782
    -2.184630795659781    -2.184630795659782    -3.403572931320912
  10   8
    -3.403572931320912     2.184630795659782     2.184630795659781
     2.184630795659782    -3.403572931320912    -2.184630795659783
     2.184630795659781    -2.184630795659783    -3.403572931320911
  10   9
     0.861574257536746    -0.000000000000000     0.000000000000000
     0.000000000000000    -0.447402016805913    -0.499042732142748
    -0.000000000000000    -0.499042732142748    -0.447402016805913
  10  10
    13.314584516077726     0.000000000000000     0.000000000000001
    -0.000000000000002    13.314584516077730     0.000000000000002
     0.000000000000001    -0.000000000000000    13.314584516077728
  10  11
    -0.447402016805913     0.499042732142748     0.000000000000000
     0.499042732142748    -0.447402016805913     0.000000000000000
     0.000000000000000    -0.000000000000000     0.861574257536746
  10  12
    -0.447402016805913    -0.000000000000000    -0.499042732142748
    -0.000000000000000     0.861574257536746     0.000000000000000
    -0.499042732142748    -0.000000000000000    -0.447402016805913
  10  13
    -0.447402016805913    -0.000000000000000     0.499042732142748
     0.000000000000000     0.861574257536746    -0.000000000000000
     0.499042732142748    -0.000000000000000    -0.447402016805913
  10  14
    -0.447402016805913    -0.499042732142748     0.000000000000000
    -0.499042732142748    -0.447402016805913    -0.000000000000000
    -0.000000000000000     0.000000000000000     0.861574257536746
  10  15
    -0.127685099905979    -0.000000000000000     0.000000000000000
     0.000000000000000    -0.127685099905979     0.000000000000000
     0.000000000000000    -0.000000000000000    -0.127685099905979
  10  16
     0.861574257536746    -0.000000000000000    -0.000000000000000
    -0.000000000000000    -0.447402016805913     0.499042732142748
     0.000000000000000     0.499042732142748    -0.447402016805913
  11   1
     0.123462611762124     0.127895817726773    -0.127895817726773
     0.127895817726773     0.123462611762124     0.127895817726773
    -0.127895817726773     0.127895817726773     0.123462611762124
  11   2
    -3.403572931320910    -2.184630795659783     2.184630795659782
    -2.184630795659781    -3.403572931320911     2.184630795659783
     2.184630795659781     2.184630795659782    -3.403572931320912
  11   3
     0.123462611762124    -0.127895817726773    -0.127895817726773
    -0.127895817726773     0.123462611762124    -0.127895817726773
    -0.127895817726773    -0.127895817726773     0.123462611762124
  11   4
     0.123462611762124     0.127895817726773     0.127895817726773
     0.127895817726773     0.123462611762124    -0.127895817726773
     0.127895817726773    -0.127895817726773     0.123462611762124
  11   5
    -3.403572931320912     2.184630795659782     2.184630795659781
     2.184630795659782    -3.403572931320912    -2.184630795659783
     2.184630795659781    -2.184630795659783    -3.403572931320911
  11   6
    -3.403572931320911    -2.184630795659781    -2.184630795659783
    -2.184630795659783    -3.403572931320910    -2.184630795659782
    -2.184630795659782    -2.184630795659781    -3.403572931320912
  11   7
     0.123462611762124    -0.127895817726773     0.127895817726773
    -0.127895817726773     0.123462611762124     0.127895817726773
     0.127895817726773     0.127895817726773     0.123462611762124
  11   8
    -3.403572931320912     2.184630795659782    -2.184630795659781
     2.184630795659783    -3.403572931320911     2.184630795659781
    -2.184630795659782     2.184630795659783    -3.403572931320910
  11   9
    -0.447402016805913     0.000000000000000    -0.499042732142748
    -0.000000000000000     0.861574257536746    -0.000000000000000
    -0.499042732142748     0.000000000000000    -0.447402016805913
  11  10
    -0.447402016805913     0.499042732142748     0.000000000000000
     0.499042732142748    -0.447402016805913     0.000000000000000
    -0.000000000000000     0.000000000000000     0.861574257536746
  11  11
    13.314584516077730    -0.000000000000002     0.000000000000002
     0.000000000000000    13.314584516077726     0.000000000000001
    -0.000000000000000     0.000000000000001    13.314584516077728
  11  12
     0.861574257536746     0.000000000000000     0.000000000000000
    -0.000000000000000    -0.447402016805913    -0.499042732142748
    -0.000000000000000    -0.499042732142748    -0.447402016805913
  11  13
     0.861574257536746     0.000000000000000     0.000000000000000
    -0.000000000000000    -0.447402016805913     0.499042732142748
    -0.000000000000000     0.499042732142748    -0.447402016805913
  11  14
    -0.127685099905979     0.000000000000000    -0.000000000000000
    -0.000000000000000    -0.127685099905979     0.000000000000000
    -0.000000000000000    -0.000000000000000    -0.127685099905979
  11  15
    -0.447402016805913    -0.499042732142748    -0.000000000000000
    -0.499042732142748    -0.447402016805913    -0.000000000000000
     0.000000000000000    -0.000000000000000     0.861574257536746
  11  16
    -0.447402016805913    -0.000000000000000     0.499042732142748
     0.000000000000000     0.861574257536746    -0.000000000000000
     0.499042732142748     0.000000000000000    -0.447402016805913
  12   1
    -3.403572931320912    -2.184630795659782     2.184630795659781
    -2.184630795659782    -3.403572931320911     2.184630795659781
     2.184630795659782     2.184630795659783    -3.403572931320911
  12   2
     0.123462611762124     0.127895817726773    -0.127895817726773
     0.127895817726773     0.123462611762124     0.127895817726773
    -0.127895817726773     0.127895817726773     0.123462611762124
  12   3
     0.123462611762124     0.127895817726773     0.127895817726773
     0.127895817726773     0.123462611762124    -0.127895817726773
     0.127895817726773    -0.127895817726773     0.123462611762124
  12   4
     0.123462611762124    -0.127895817726773    -0.127895817726773
    -0.127895817726773     0.123462611762124    -0.127895817726773
    -0.127895817726773    -0.127895817726773     0.123462611762124
  12   5
    -3.403572931320912    -2.184630795659782    -2.184630795659781
    -2.184630795659781    -3.403572931320913    -2.184630795659782
    -2.184630795659781    -2.184630795659783    -3.403572931320910
  12   6
    -3.403572931320913     2.184630795659782     2.184630795659781
     2.184630795659783    -3.403572931320910    -2.184630795659781
     2.184630795659782    -2.184630795659781    -3.403572931320912
  12   7
    -3.403572931320911     2.184630795659783    -2.184630795659782
     2.184630795659781    -3.403572931320911     2.184630795659782
    -2.184630795659781     2.184630795659782    -3.403572931320912
  12   8
     0.123462611762124    -0.127895817726773     0.127895817726773
    -0.127895817726773     0.123462611762124     0.127895817726773
     0.127895817726773     0.127895817726773     0.123462611762124
  12   9
    -0.447402016805913     0.499042732142748    -0.000000000000000
     0.499042732142748    -0.447402016805913     0.000000000000000
     0.000000000000000     0.000000000000000     0.861574257536746
  12  10
    -0.447402016805913    -0.000000000000000    -0.499042732142748
     0.000000000000000     0.861574257536746    -0.000000000000000
    -0.499042732142748    -0.000000000000000    -0.447402016805913
  12  11
     0.861574257536746     0.000000000000000    -0.000000000000000
    -0.000000000000000    -0.447402016805913    -0.499042732142748
    -0.000000000000000    -0.499042732142748    -0.447402016805913
  12  12
    13.314584516077730    -0.000000000000002    -0.000000000000002
     0.000000000000000    13.314584516077728    -0.000000000000001
     0.000000000000000    -0.000000000000001    13.314584516077726
  12  13
    -0.127685099905979     0.000000000000000    -0.000000000000000
     0.000000000000000    -0.127685099905979    -0.000000000000000
     0.000000000000000     0.000000000000000    -0.127685099905979
  12  14
     0.861574257536746     0.000000000000000    -0.000000000000000
     0.000000000000000    -0.447402016805913     0.499042732142748
     0.000000000000000     0.499042732142748    -0.447402016805913
  12  15
    -0.447402016805913    -0.000000000000000     0.499042732142748
     0.000000000000000     0.861574257536746     0.000000000000000
     0.499042732142748     0.000000000000000    -0.447402016805913
  12  16
    -0.447402016805913    -0.499042732142748     0.000000000000000
    -0.499042732142748    -0.447402016805913     0.000000000000000
     0.000000000000000    -0.000000000000000     0.861574257536746
  13   1
     0.123462611762124    -0.127895817726773     0.127895817726773
    -0.127895817726773     0.123462611762124     0.127895817726773
     0.127895817726773     0.127895817726773     0.123462611762124
  13   2
    -3.403572931320911     2.184630795659783    -2.184630795659781
     2.184630795659783    -3.403572931320912     2.184630795659782
    -2.184630795659781     2.184630795659782    -3.403572931320912
  13   3
    -3.403572931320912     2.184630795659781     2.184630795659782
     2.184630795659782    -3.403572931320910    -2.184630795659783
     2.184630795659783    -2.184630795659781    -3.403572931320911
  13   4
    -3.403572931320912    -2.184630795659782    -2.184630795659781
    -2.184630795659783    -3.403572931320911    -2.184630795659781
    -2.184630795659782    -2.184630795659783    -3.403572931320910
  13   5
     0.123462611762124    -0.127895817726773    -0.127895817726773
    -0.127895817726773     0.123462611762124    -0.127895817726773
    -0.127895817726773    -0.127895817726773     0.123462611762124
  13   6
     0.123462611762124     0.127895817726773     0.127895817726773
     0.127895817726773     0.123462611762124    -0.127895817726773
     0.127895817726773    -0.127895817726773     0.123462611762124
  13   7
     0.123462611762124     0.127895817726773    -0.127895817726773
     0.127895817726773     0.123462611762124     0.127895817726773
    -0.127895817726773     0.127895817726773     0.123462611762124
  13   8
    -3.403572931320912    -2.184630795659782     2.184630795659781
    -2.184630795659782    -3.403572931320911     2.184630795659781
     2.184630795659782     2.184630795659783    -3.403572931320911
  13   9
    -0.447402016805913    -0.499042732142748    -0.000000000000000
    -0.499042732142748    -0.447402016805913     0.000000000000000
     0.000000000000000     0.000000000000000     0.861574257536746
  13  10
    -0.447402016805913    -0.000000000000000     0.499042732142748
     0.000000000000000     0.861574257536746    -0.000000000000000
     0.499042732142748     0.000000000000000    -0.447402016805913
  13  11
     0.861574257536746     0.000000000000000    -0.000000000000000
    -0.000000000000000    -0.447402016805913     0.499042732142748
     0.000000000000000     0.499042732142748    -0.447402016805913
  13  12
    -0.127685099905979     0.000000000000000     0.000000000000000
    -0.000000000000000    -0.127685099905979     0.000000000000000
    -0.000000000000000     0.000000000000000    -0.127685099905979
  13  13
    13.314584516077726    -0.000000000000001     0.000000000000000
    -0.000000000000001    13.314584516077728     0.000000000000000
    -0.000000000000002    -0.000000000000002    13.314584516077730
  13  14
     0.861574257536746     0.000000000000000    -0.000000000000000
     0.000000000000000    -0.447402016805913    -0.499042732142748
     0.000000000000000    -0.499042732142748    -0.447402016805913
  13  15
    -0.447402016805913    -0.000000000000000    -0.499042732142748
     0.000000000000000     0.861574257536746     0.000000000000000
    -0.499042732142748    -0.000000000000000    -0.447402016805913
  13  16
    -0.447402016805913     0.499042732142748     0.000000000000000
     0.499042732142748    -0.447402016805913     0.000000000000000
    -0.000000000000000    -0.000000000000000     0.861574257536746
  14   1
    -3.403572931320912     2.184630795659782    -2.184630795659781
     2.184630795659783    -3.403572931320911     2.184630795659781
    -2.184630795659782     2.184630795659783    -3.403572931320910
  14   2
     0.123462611762124    -0.127895817726773     0.127895817726773
    -0.127895817726773     0.123462611762124     0.127895817726773
     0.127895817726773     0.127895817726773     0.123462611762124
  14   3
    -3.403572931320912    -2.184630795659781    -2.184630795659782
    -2.184630795659782    -3.403572931320911    -2.184630795659783
    -2.184630795659782    -2.184630795659781    -3.403572931320911
  14   4
    -3.403572931320912     2.184630795659782     2.184630795659781
     2.184630795659782    -3.403572931320911    -2.184630795659781
     2.184630795659782    -2.184630795659783    -3.403572931320911
  14   5
     0.123462611762124     0.127895817726773     0.127895817726773
     0.127895817726773     0.123462611762124    -0.127895817726773
     0.127895817726773    -0.127895817726773     0.123462611762124
  14   6
     0.123462611762124    -0.127895817726773    -0.127895817726773
    -0.127895817726773     0.123462611762124    -0.127895817726773
    -0.127895817726773    -0.127895817726773     0.123462611762124
  14   7
    -3.403572931320910    -2.184630795659783     2.184630795659781
    -2.184630795659782    -3.403572931320913     2.184630795659781
     2.184630795659781     2.184630795659782    -3.403572931320912
  14   8
     0.123462611762124     0.127895817726773    -0.127895817726773
     0.127895817726773     0.123462611762124     0.127895817726773
    -0.127895817726773     0.127895817726773     0.123462611762124
  14   9
    -0.447402016805913     0.000000000000000     0.499042732142748
    -0.000000000000000     0.861574257536746    -0.000000000000000
     0.499042732142748    -0.000000000000000    -0.447402016805913
  14  10
    -0.447402016805913    -0.499042732142748     0.000000000000000
    -0.499042732142748    -0.447402016805913     0.000000000000000
    -0.000000000000000     0.000000000000000     0.861574257536746
  14  11
    -0.127685099905979     0.000000000000000    -0.000000000000000
    -0.000000000000000    -0.127685099905979    -0.000000000000000
     0.000000000000000    -0.000000000000000    -0.127685099905979
  14  12
     0.861574257536746     0.000000000000000     0.000000000000000
     0.000000000000000    -0.447402016805913     0.499042732142748
    -0.000000000000000     0.499042732142748    -0.447402016805913
  14  13
     0.861574257536746    -0.000000000000000     0.000000000000000
    -0.000000000000000    -0.447402016805913    -0.499042732142748
    -0.000000000000000    -0.499042732142748    -0.447402016805913
  14  14
    13.314584516077728    -0.000000000000000     0.000000000000001
     0.000000000000002    13.314584516077730    -0.000000000000002
     0.000000000000001     0.000000000000000    13.314584516077726
  14  15
    -0.447402016805913     0.499042732142748    -0.000000000000000
     0.499042732142748    -0.447402016805913    -0.000000000000000
     0.000000000000000    -0.000000000000000     0.861574257536746
  14  16
    -0.447402016805913     0.000000000000000    -0.499042732142748
     0.000000000000000     0.861574257536746    -0.000000000000000
    -0.499042732142748     0.000000000000000    -0.447402016805913
  15   1
    -3.403572931320912     2.184630795659782     2.184630795659781
     2.184630795659782    -3.403572931320912    -2.184630795659783
     2.184630795659781    -2.184630795659783    -3.403572931320911
  15   2
    -3.403572931320911    -2.184630795659783    -2.184630795659782
    -2.184630795659781    -3.403572931320911    -2.184630795659782
    -2.184630795659781    -2.184630795659782    -3.403572931320912
  15   3
     0.123462611762124    -0.127895817726773     0.127895817726773
    -0.127895817726773     0.123462611762124     0.127895817726773
     0.127895817726773     0.127895817726773     0.123462611762124
  15   4
    -3.403572931320912     2.184630795659782    -2.184630795659781
     2.184630795659781    -3.403572931320913     2.184630795659782
    -2.184630795659781     2.184630795659783    -3.403572931320910
  15   5
     0.123462611762124     0.127895817726773    -0.127895817726773
     0.127895817726773     0.123462611762124     0.127895817726773
    -0.127895817726773     0.127895817726773     0.123462611762124
  15   6
    -3.403572931320911    -2.184630795659781     2.184630795659782
    -2.184630795659783    -3.403572931320911     2.184630795659782
     2.184630795659782     2.184630795659781    -3.403572931320912
  15   7
     0.123462611762124    -0.127895817726773    -0.127895817726773
    -0.127895817726773     0.123462611762124    -0.127895817726773
    -0.127895817726773    -0.127895817726773     0.123462611762124
  15   8
     0.123462611762124     0.127895817726773     0.127895817726773
     0.127895817726773     0.123462611762124    -0.127895817726773
     0.127895817726773    -0.127895817726773     0.123462611762124
  15   9
     0.861574257536746    -0.000000000000000    -0.000000000000000
     0.000000000000000    -0.447402016805913     0.499042732142748
    -0.000000000000000     0.499042732142748    -0.447402016805913
  15  10
    -0.127685099905979    -0.000000000000000    -0.000000000000000
     0.000000000000000    -0.127685099905979    -0.000000000000000
    -0.000000000000000     0.000000000000000    -0.127685099905979
  15  11
    -0.447402016805913    -0.499042732142748     0.000000000000000
    -0.499042732142748    -0.447402016805913     0.000000000000000
     0.000000000000000    -0.000000000000000     0.861574257536746
  15  12
    -0.447402016805913    -0.000000000000000     0.499042732142748
    -0.000000000000000     0.861574257536746     0.000000000000000
     0.499042732142748    -0.000000000000000    -0.447402016805913
  15  13
    -0.447402016805913    -0.000000000000000    -0.499042732142748
     0.000000000000000     0.861574257536746    -0.000000000000000
    -0.499042732142748    -0.000000000000000    -0.447402016805913
  15  14
    -0.447402016805913     0.499042732142748     0.000000000000000
     0.499042732142748    -0.447402016805913    -0.000000000000000
     0.000000000000000     0.000000000000000     0.861574257536746
  15  15
    13.314584516077726     0.000000000000000    -0.000000000000001
    -0.000000000000002    13.314584516077730    -0.000000000000002
    -0.000000000000001     0.000000000000000    13.314584516077728
  15  16
     0.861574257536746    -0.000000000000000    -0.000000000000000
    -0.000000000000000    -0.447402016805913    -0.499042732142748
     0.000000000000000    -0.499042732142748    -0.447402016805913
  16   1
    -3.403572931320912    -2.184630795659782    -2.184630795659781
    -2.184630795659781    -3.403572931320913    -2.184630795659782
    -2.184630795659781    -2.184630795659783    -3.403572931320910
  16   2
    -3.403572931320910     2.184630795659783     2.184630795659781
     2.184630795659782    -3.403572931320913    -2.184630795659781
     2.184630795659781    -2.184630795659782    -3.403572931320912
  16   3
    -3.403572931320912     2.184630795659781    -2.184630795659782
     2.184630795659781    -3.403572931320910     2.184630795659783
    -2.184630795659781     2.184630795659782    -3.403572931320913
  16   4
     0.123462611762124    -0.127895817726773     0.127895817726773
    -0.127895817726773     0.123462611762124     0.127895817726773
     0.127895817726773     0.127895817726773     0.123462611762124
  16   5
    -3.403572931320912    -2.184630795659782     2.184630795659781
    -2.184630795659782    -3.403572931320911     2.184630795659781
     2.184630795659782     2.184630795659783    -3.403572931320911
  16   6
     0.123462611762124     0.127895817726773    -0.127895817726773
     0.127895817726773     0.123462611762124     0.127895817726773
    -0.127895817726773     0.127895817726773     0.123462611762124
  16   7
     0.123462611762124     0.127895817726773     0.127895817726773
     0.127895817726773     0.123462611762124    -0.127895817726773
     0.127895817726773    -0.127895817726773     0.123462611762124
  16   8
     0.123462611762124    -0.127895817726773    -0.127895817726773
    -0.127895817726773     0.123462611762124    -0.127895817726773
    -0.127895817726773    -0.127895817726773     0.123462611762124
  16   9
    -0.127685099905979     0.000000000000000     0.000000000000000
    -0.000000000000000    -0.127685099905979    -0.000000000000000
     0.000000000000000     0.000000000000000    -0.127685099905979
  16  10
     0.861574257536746     0.000000000000000     0.000000000000000
    -0.000000000000000    -0.447402016805913     0.499042732142748
     0.000000000000000     0.499042732142748    -0.447402016805913
  16  11
    -0.447402016805913    -0.000000000000000     0.499042732142748
     0.000000000000000     0.861574257536746     0.000000000000000
     0.499042732142748     0.000000000000000    -0.447402016805913
  16  12
    -0.447402016805913    -0.499042732142748    -0.000000000000000
    -0.499042732142748    -0.447402016805913    -0.000000000000000
     0.000000000000000    -0.000000000000000     0.861574257536746
  16  13
    -0.447402016805913     0.499042732142748    -0.000000000000000
     0.499042732142748    -0.447402016805913     0.000000000000000
     0.000000000000000     0.000000000000000     0.861574257536746
  16  14
    -0.447402016805913    -0.000000000000000    -0.499042732142748
    -0.000000000000000     0.861574257536746     0.000000000000000
    -0.499042732142748    -0.000000000000000    -0.447402016805913
  16  15
     0.861574257536746     0.000000000000000    -0.000000000000000
    -0.000000000000000    -0.447402016805913    -0.499042732142748
    -0.000000000000000    -0.499042732142748    -0.447402016805913
  16  16
    13.314584516077728     0.000000000000000     0.000000000000001
    -0.000000000000002    13.314584516077730     0.000000000000002
     0.000000000000001    -0.000000000000000    13.314584516077726
